002 | 주먹밥 | 002 | 주먹밥 | 6 | 9,100 | 3.9 |  | 0
002 | 주먹밥 | 002 | 주먹밥 | 6 | 9,100 | 3.9 |  | 0
002 | 주먹밥 | 002 | 주먹밥 | 6 | 9,100 | 3.9 |  | 0
002 | 주먹밥 | 002 | 주먹밥 | 6 | 9,100 | 3.9 |  | 0
002 | 주먹밥 | 002 | 주먹밥 | 6 | 9,100 | 3.9 |  | 0
002 | 주먹밥 | 002 | 주먹밥 | 6 | 9,100 | 3.9 |  | 0
002 | 주먹밥 | 002 | 주먹밥 | 6 | 9,100 | 3.9 |  | 0
002 | 주먹밥 | 002 | 주먹밥 | 6 | 9,100 | 3.9 |  | 0
002 | 주먹밥 | 002 | 주먹밥 | 6 | 9,100 | 3.9 |  | 0
002 | 주먹밥 | 002 | 주먹밥 | 6 | 9,100 | 3.9 |  | 0
002 | 주먹밥 | 002 | 주먹밥 | 6 | 9,100 | 3.9 |  | 0
002 | 주먹밥 | 002 | 주먹밥 | 6 | 9,100 | 3.9 |  | 0
