002	주먹밥	8800271902513	주)치즈닭갈비볶음밥맛1	1	0	0	0	0
003	김밥	8800271902599	김)집밥진미채김밥1	1	0	0	0	0
004	샌드위치류	8809895794795	샌)바질치킨토마토샌드1	1	0	0	0	0
012	빵	8801068929003	삼립)시그니처카스테라	2	0	0	0	0
012	빵	8801068402285	삼립)포켓몬로켓초코롤	1	0	0	0	-1
012	빵	8801068933871	삼립)흑임자이야기	1	0	0	0	1
016	스낵류	8801728106591	PBICK)작은별초코	2	0	0	0	3
016	스낵류	8801045560038	오뚜기)뿌셔뿌셔불고기맛	1	0	0	0	5
023	육가공류	8803465070814	티니핑)오로라핑구운란2입	1	0	0	0	1
027	농산식재료	8801114119075	풀무원)소가찌개두부290g	1	0	0	0	3
032	면류	8801043015943	농심)사리곰탕큰사발컵	2	0	0	0	9
032	면류	8801043015981	농심)신라면큰사발컵	1	0	0	0	7
032	면류	8801043015653	농심)육개장사발면	1	0	0	0	20
032	면류	8801043016049	농심)짜파게티큰사발컵	1	0	0	0	15
032	면류	8801073110502	삼양)불닭볶음면	2	0	0	0	12
032	면류	8801128503488	팔도)짬뽕왕뚜껑	1	0	0	0	14
034	냉동즉석식	8801066063211	PBICK)찐만두득템김치6입	1	0	1	0	2
035	냉장즉석식	8809015114731	디엔비)두툼불고기고로케	1	0	0	0	0
036	의약외품	8806016310018	동화)부채표까스활병75ml	1	0	0	0	7
039	과일야채음료	8801104948043	빙그레)따옴라이트복숭아	1	0	0	0	5
039	과일야채음료	8801104948067	빙그레)따옴라이트청사과	1	0	0	0	5
040	기능건강음료	8801056249212	롯데)핫식스더킹애플캔355	2	0	0	0	8
040	기능건강음료	8801753100298	연세)검은콩고칼슘두유	2	0	0	0	4
040	기능건강음료	8801094412371	코카)토레타제로P500ml	2	0	0	0	4
044	탄산음료	8801056755010	롯데)밀키스P500ml	1	0	0	0	7
044	탄산음료	8801056150013	롯데)펩시콜라캔355ml	1	0	0	0	5
044	탄산음료	8801094202606	코카)스프라이트P500ml	2	0	0	0	9
045	아이스드링크	8800297740090	25del)키위에이드340ml	1	0	0	0	8
047	우유	8801069416441	남양)아몬드데이오리지널	2	0	0	0	2
047	우유	8801155721954	동원)소화잘되는우유900ml	1	0	0	0	0
047	우유	8801115114390	서울)후레쉬우유900ml	1	0	0	0	1
047	우유	8801115114727	서울)흰우유300ml	1	0	0	0	2
051	전통주	8802521122221	국순당)쌀막걸리750ml	1	0	0	0	12
072	담배	0000088006604	디스플러스5mg	1	0	0	0	27
072	담배	8801116006830	레종프렌치블랙3mg	2	0	0	0	28
072	담배	0000088023465	말보로비스타썸머스플래시	1	0	0	0	17
072	담배	0000088024516	메비우스LBS아이스피즈SS	1	0	0	0	13
072	담배	0000088020747	메비우스스카이블루곽6㎎	2	0	0	0	25
073	전자담배	8801116012176	LIL액상카트리지	1	0	0	0	86
073	전자담배	8801116012435	MIIX믹스	1	0	0	0	20
073	전자담배	0000088024189	테리아블랙루비	2	0	0	0	26
073	전자담배	0000088024134	테리아오아시스펄	1	0	0	0	15
900	소모품	2201148653150	친환경봉투판매용	1	0	0	0	-1,650
