001	33,180	8800279670629	도)한끼만족7첩한상1	1	1	0	0	0
002	14,600	8801771034100	주)감자탕볶음밥맛삼각1	1	1	0	0	0
002	14,600	8800275320290	주)계란버터간장삼각1	1	1	1	0	-1
002	14,600	8800279672357	주)뉴3XL동원고추참치1	1	1	1	0	1
002	14,600	8801771033981	주)리치치킨마요삼각1	1	0	1	0	1
002	14,600	8800279676744	주)리치햄에그마요삼각1	1	0	0	1	0
002	14,600	8800279673279	주)백종원스페셜우삼겹1	1	0	1	0	1
002	14,600	8800279675730	주)압도적리치참치마요2	1	0	1	0	0
002	14,600	8800279672579	주)오일컷담백참치삼각1	1	0	1	0	1
002	14,600	8809948346629	주)참치마요김치제육더블1	1	1	1	0	1
002	14,600	8800279675105	주)청양참치마요삼각1	1	1	0	0	0
002	14,600	8800271902513	주)치즈닭갈비볶음밥맛1	1	1	1	0	1
002	14,600	8800279677307	주)화끈불제육삼각1	1	0	0	1	0
003	0	8801771303329	김)촉촉두툼계란초밥김밥1	1	0	0	0	0
004	12,700	8800271902117	샌)더뉴대만식연유1	1	0	1	0	0
005	28,400	8809692957980	핫)톡톡소시지피자도그1	1	0	0	0	0
005	28,400	8800279672777	햄)뉴더블UP빅불고기1	1	1	0	0	0
005	28,400	8800279675907	햄)더리얼쉬림프버거1	1	0	0	0	0
005	28,400	8800279672852	햄)압도적뉴더블비프버거1	1	1	0	0	0
010	0	2202000107644	25뉴get아이스아메XL	5	0	0	0	-111
012	15,700	8809895795303	405)딸기잼크림소보로빵	1	0	0	0	0
012	15,700	8809895799004	405)스위트페스트리	1	1	1	0	1
012	15,700	8801062475728	롯데)미니딸기크림샌드5입	2	1	1	0	1
012	15,700	8801062475711	롯데)미니땅콩크림샌드5입	2	1	1	0	0
012	15,700	8801068933840	삼립)미각우유카스테라롤	1	0	0	0	0
012	15,700	8801068912913	삼립)보름달정통	1	1	1	0	1
012	15,700	8801068406832	삼립)신선가득꿀호떡	1	0	0	0	1
012	15,700	8801068933857	삼립)얼그레이카스테라	1	0	0	0	1
012	15,700	8801068091632	삼립)정통단팥빵	1	0	0	0	0
012	15,700	8801068402285	삼립)포켓몬로켓초코롤	2	2	2	0	0
012	15,700	8801068402254	삼립)포켓몬파이리핫소스	1	2	2	0	1
012	15,700	8809895795266	수키도키)초코아몬드쿠키	1	1	1	0	2
013	72,450	8801068934137	삼립)제주쑥대박찹쌀떡	1	0	0	0	4
013	72,450	8801068934120	삼립)제주우유대박찹쌀떡	1	0	0	1	0
014	44,300	8801007067285	CJ)쁘띠첼워터젤리포도	1	0	0	0	1
014	44,300	8801753113960	연세)레드벨벳생크림빵	1	0	0	0	0
014	44,300	8801753108478	연세)우유생크림빵	1	1	1	0	2
015	24,200	8801062012756	롯데)빼빼로초코필드	1	0	0	0	4
015	24,200	8801062870448	롯데)제크오리지널	1	0	0	0	2
015	24,200	8801062518210	롯데)칸쵸	2	0	0	0	4
015	24,200	8000500359358	비이)누텔라비스킷3P	2	0	0	0	28
015	24,200	8801117277406	오리온)다이제초코	1	0	0	0	1
015	24,200	8801117108908	오리온)미쯔스낵팩	2	1	6	0	9
015	24,200	8801117267605	오리온)초코칩쿠키	1	0	0	0	3
015	24,200	8801117948511	오리온)카스타드12입	2	3	3	0	3
015	24,200	6977808440441	코코)밀크킥미니15g	2	0	0	0	4
015	24,200	6952841912933	코코)초코킥미니15g	1	0	0	0	4
015	24,200	6971162150411	코코)쿠키앤카80g	1	0	0	0	5
015	24,200	8801111113205	크라운)버터와플	1	0	0	0	3
015	24,200	8801019317965	해태)버터링쿠키65g	1	2	2	0	4
015	24,200	8801019306907	해태)에이스	1	0	0	0	3
016	47,830	9557062361828	HEYROO감자칩득템어니언	1	0	0	0	4
016	47,830	8800280530646	SA)로열티니핑컬러팝콘45g	1	0	0	0	3
016	47,830	8800280531384	SA)하츄핑의미니꿀약과90g	1	0	0	0	3
016	47,830	8801043028233	농심)먹태깡고추장마요60g	1	0	0	0	12
016	47,830	8801043068314	농심)먹태깡청양마요맛60g	2	0	0	0	8
016	47,830	8801043036634	농심)바나나킥75g	1	0	0	0	8
016	47,830	8801043028622	농심)비29	1	0	0	0	10
016	47,830	8801043035989	농심)새우깡90g	1	0	0	0	9
016	47,830	8801043036399	농심)알새우칩68g	2	0	0	0	16
016	47,830	8801043036597	농심)양파링80g	1	0	0	0	7
016	47,830	8801043036337	농심)오징어집78g	1	0	0	0	19
016	47,830	8801043031431	농심)쫄병매콤한맛	1	0	0	0	3
016	47,830	8801043036436	농심)포스틱84g	1	0	0	0	15
016	47,830	8809007250621	농협)달콤바삭고구마칩	1	0	0	0	2
016	47,830	8801062010578	롯데)꼬깔콘고소한맛134g	1	0	0	0	5
016	47,830	8809288634950	비알)던킨대파크림팝콘80g	1	0	0	0	2
016	47,830	8801045652573	오뚜기)순후추팝콘55g	1	0	0	0	5
016	47,830	8801045851945	오뚜기)콘크림스프팝콘55g	1	0	0	0	9
016	47,830	8801045913704	오뚜기)콘크림크리스피롤	1	0	0	0	3
016	47,830	8801117775001	오리온)스윙칩고추장60g	1	0	0	0	8
016	47,830	8801117197308	오리온)오감자스윗칠리75g	1	0	0	0	2
016	47,830	8801117760908	오리온)오징어땅콩98g	1	0	0	0	2
016	47,830	8801117760106	오리온)포카칩오리지널66g	1	0	0	0	13
016	47,830	8801111185066	크라운)못말리는신짱	1	0	0	0	5
016	47,830	8886467100017	프링글스)오리지널110g	1	0	0	0	2
016	47,830	8801019606328	해태)오사쯔60g	1	0	0	0	9
016	47,830	8994834005855	훼밀리)에낙스파이시28g	2	0	0	0	12
017	54,240	8801117478100	오리온)닥터유단백질바	1	0	0	0	12
019	초콜릿	8801062628773	롯데)가나초코바땅콩	1	0	0	0	10
019	초콜릿	8801062878529	롯데)더블크런치쿠앤크	1	0	0	0	2
019	초콜릿	6914973603189	마즈)엠앤엠밀크초콜릿37g	1	0	0	0	11
019	초콜릿	9300682051507	마즈)엠앤엠블록밀크	2	0	0	0	8
019	초콜릿	9300682053761	마즈)엠앤엠블록크리스피	1	0	0	0	9
019	초콜릿	0000080974482	매일)킨더초콜릿조이보이	1	0	0	0	19
020	캔디	8809841062503	나무)워헤즈사우어밤	1	0	0	0	10
020	캔디	8410031920093	농심)츄파춥스12g	1	0	0	0	226
020	캔디	6925425474653	농심)츄파춥스게코젤리	3	0	0	0	1
020	캔디	8801043067317	농심)츄파춥스사워바이츠	2	0	0	0	5
020	캔디	8801062013456	롯데)스카치봉지캔디157g	1	0	0	0	1
020	캔디	8804973304835	마즈)이클립스피치캔디	1	0	0	0	3
020	캔디	8809648262304	비이)브레드노래캔디	3	0	0	0	3
020	캔디	8691216099074	삼경)하리보믹스사워	1	0	0	0	2
020	캔디	2201148615516	스위트)트롤리미니버거10g	3	0	0	0	66
020	캔디	8436556395932	스위트)트롤리키스	1	0	0	0	1
020	캔디	4901360361410	스위트)페투치니프루티맛	1	0	0	0	6
020	캔디	5011053024214	일신)메가푸쉬팝	1	0	0	0	6
020	캔디	5011053023064	일신)푸쉬팝플립앤딥사워	1	0	0	0	5
020	캔디	8801111188012	크라운)새콤달콤포도	1	0	0	0	14
021	일반아이스크림	8801062623471	롯데)월드콘	1	0	0	0	18
021	일반아이스크림	8801104123280	빙그레)메로나	4	0	0	0	13
021	일반아이스크림	8801104664660	빙그레)투게더미니어처	1	0	0	0	4
021	일반아이스크림	8801206004975	서주)400바멜론	10	0	0	0	12
021	일반아이스크림	8809713220048	해태)폴라포포도	3	0	35	0	36
022	마른안주류	8801133011299	머거본)김스칼몬드100g	1	0	0	0	1
022	마른안주류	8809389493326	바프)치즈맥스오징어튀김	1	0	0	0	0
022	마른안주류	8801308460334	정화)훈연오징어진공50g	3	0	0	0	1
022	마른안주류	8803622102464	한양)꽃보다오다리55g	1	0	0	0	3
022	마른안주류	8803622000111	한양)빅숏다리40g	1	0	0	0	3
022	마른안주류	8809706061375	한울)소담미고구마바23g	3	0	0	0	9
023	육가공류	8801392090516	CJ)맥스봉치즈후랑크65g	2	0	0	0	2
023	육가공류	8809216733366	HEYROO990핫바득템갈릭	1	0	0	0	0
023	육가공류	8809216733014	HEYROO뽀득비엔나득템140g	1	0	1	0	1
023	육가공류	8809266251452	보승)한판모둠순대	1	0	0	0	0
023	육가공류	8801066064256	사조)불닭숯불구이후랑크	3	3	0	0	0
023	육가공류	8801066260108	사조)스모크치킨180g	1	0	0	0	0
023	육가공류	8803465070685	흥생)구운계란2입	1	1	0	0	3
027	농산식재료	8801114119075	풀무원)소가찌개두부290g	2	0	2	0	4
028	축수산식재료	8803465001764	PBICK)계란득템15입	1	0	2	0	3
029	조미료류	8801045331126	오뚜기)딸기쨈300g	1	0	0	0	1
029	조미료류	8801045860107	오뚜기)짜장분말100g	1	0	0	0	0
029	조미료류	8801045100111	오뚜기)토마토케챂300g	1	0	0	0	0
031	반찬류	8802241901281	HEYROO김득템20봉	1	0	0	0	2
031	반찬류	8801047181002	동원)리챔120g	4	0	0	0	0
031	반찬류	8801047221616	동원)양반구운김밥김	1	0	1	0	1
032	면류	8801043015639	농심)김치사발면	1	0	0	0	15
032	면류	8801043015837	농심)너구리소컵	3	0	0	0	1
032	면류	8801043014984	농심)너구리얼큰	2	0	0	0	14
032	면류	8801043017602	농심)너구리큰사발컵	2	0	0	0	7
032	면류	8801043035330	농심)누들핏마라탄탄	2	0	0	0	6
032	면류	8801043012638	농심)누들핏카구리맛	1	0	0	0	5
032	면류	8801043015776	농심)새우탕소컵	3	0	0	0	3
032	면류	8801043014809	농심)신라면	3	0	0	0	18
032	면류	8801043015714	농심)신라면소컵	3	0	0	0	8
032	면류	8801043015981	농심)신라면큰사발컵	1	0	0	0	8
032	면류	8801043017022	농심)신라면툼바큰사발면	1	0	0	0	1
032	면류	8801043056137	농심)앵그리짜파구리컵	2	0	0	0	13
032	면류	8801043015653	농심)육개장사발면	4	0	0	0	21
032	면류	8801043016025	농심)육개장큰사발컵	2	0	0	0	4
032	면류	8801043015608	농심)짜파게티범벅소컵	1	0	0	0	2
032	면류	8801043015813	농심)튀김우동소컵	1	0	0	0	1
032	면류	8801043016070	농심)튀김우동큰사발컵	1	0	0	0	13
032	면류	8801073211469	삼양)까르보불닭큰컵	4	0	0	0	14
032	면류	8801073212619	삼양)로제불닭볶음면컵	2	0	0	0	5
032	면류	8801073210776	삼양)불닭볶음면소컵	2	0	0	0	2
032	면류	8801073210363	삼양)불닭볶음면컵	1	0	0	0	4
032	면류	8801073211032	삼양)불닭볶음탕면컵	3	0	0	0	15
032	면류	8801045571362	오뚜기)진라면순한컵	1	0	0	0	10
032	면류	8801045167237	오뚜기)짜슐랭컵	1	0	0	0	8
032	면류	8801045572833	오뚜기)참깨라면소컵	3	0	0	0	4
032	면류	8801045576497	오뚜기)크림진짬뽕컵	2	0	0	0	12
032	면류	8801128503235	팔도)김치왕뚜껑왕컵	1	0	0	0	11
032	면류	8809695251412	팔도)킹뚜껑	1	0	0	0	5
032	면류	8801085880479	한일)얼큰유부우동컵	1	0	0	0	6
033	33,180	8801007310572	CJ)햇반210g	3	0	0	0	3
033	33,180	8809405270009	SNJ)노랑옥수수	1	0	0	0	1
033	33,180	8801073216716	삼양)까르보불닭납작당면	2	0	0	0	1
033	33,180	8801073311305	삼양)로제불닭납작당면	1	0	0	0	3
034	14,600	8809350321641	HEYROO순살치킨득템C	1	0	0	0	2
034	14,600	8809350321818	HEYROO순살치킨득템매콤C	1	0	0	0	2
034	14,600	8809815963881	웰팜)아망추망고컵150g	1	0	0	0	4
035	0	8800283860016	금미옥)쌀떡볶이컵	1	0	0	0	0
035	0	8809015114731	디엔비)두툼불고기고로케	1	0	1	0	1
035	0	8809367692994	팔도한끼)대게딱지장덮밥N	1	0	0	0	0
035	0	8809367693090	팔도한끼)병천식순대국밥	1	0	0	0	0
035	0	8809948347305	팔도한끼)섞어돼지국밥	1	0	0	0	0
036	12,700	8806011416388	동아)박카스F20입BOX	1	0	0	0	1
039	28,400	8809288634974	BR)피치요거트워터P500	2	0	0	0	4
039	28,400	8801753113199	곽철이)사과제로190ml	3	0	0	0	2
039	28,400	8801753113205	곽철이)청포도제로190ml	1	0	0	0	4
039	28,400	8801056095413	롯데)오가닉사과당근주스	1	0	0	0	4
039	28,400	8801056168308	롯데)오가닉포도당근주스	1	0	0	0	3
039	28,400	8801121043561	매일)피크닉사과240ml	6	6	6	0	6
039	28,400	8801382150770	웅진)티니핑밀크P200ml	1	0	0	0	11
039	28,400	8801128945288	팔도)뽀로로딸기맛P235ml	1	0	0	0	5
039	28,400	8801105915709	해태)갈아만든배P500ml	1	0	0	0	4
040	0	4005906404835	농심)파워오투오렌지P500	3	0	0	0	12
040	0	8801056839017	롯데)게토레이레몬P1.5L	1	0	0	0	4
040	0	8801056836016	롯데)게토레이레몬캔240ml	2	0	0	0	5
040	0	8801056249212	롯데)핫식스더킹애플캔355	2	0	0	0	10
040	0	8801056098834	롯데)핫식스더킹파워캔355	1	0	0	0	9
040	0	8801056240998	롯데)핫식스더킹퍼플캔355	1	1	6	0	10
040	0	4897036692424	코카)몬스터파이프캔355ml	4	1	6	0	10
040	0	8801094412371	코카)토레타제로P500ml	2	0	0	0	6
040	0	8801094000288	코카)파워라임제로P600	1	0	0	0	6
040	0	8801094602703	코카)파워스칼렛스톰600P	1	0	0	0	9
041	15,700	8801056075385	HEYROO미네랄워터P1L	1	0	0	0	0
041	15,700	8801056169817	HEYROO미네랄워터P500ml	3	0	0	0	14
041	15,700	8803186200125	청정)몽베스트P500ml	2	0	0	0	34
042	72,450	8801037035476	스벅)더블샷캔200ml	1	0	0	0	9
042	72,450	8801037001716	티오피)스모키라떼캔275ml	1	1	6	0	9
042	72,450	8801037001730	티오피)스모키블랙캔275ml	2	0	0	0	8
043	44,300	8806002006437	광동)옥수수수염P500ml	1	0	0	0	5
043	44,300	8801047284482	동원)복숭아제로아이스500	1	0	0	0	8
043	44,300	8801047284598	동원)샤인제로아이스티500	1	0	0	0	8
043	44,300	8801056044534	롯데)립톤복숭아제로P500	3	0	0	0	7
043	44,300	8801382151449	웅진)유기농하늘보리P500	1	0	0	0	7
043	44,300	8801382151777	웅진)카무트현미차P500ml	1	0	0	0	5
043	44,300	8801382149743	웅진)티즐제로자몽티P500	1	0	0	0	6
043	44,300	8801382148500	웅진)티즐제로피치P500	1	1	6	0	10
043	44,300	8808024030803	쟈뎅)제주청보리차P500ml	2	0	0	0	8
043	44,300	8801001238049	하이트)블랙보리P520ml	2	1	6	0	7
044	24,200	8801056190019	롯데)칠성사이다P1.5L	2	0	0	0	7
044	24,200	8801056248567	롯데)탐스오렌지캔355ml	4	0	0	0	4
044	24,200	8801094082604	코카)코카콜라제로P500ml	4	0	0	0	6
044	24,200	8801094013004	코카)코카콜라캔250ml	3	0	0	0	4
044	24,200	8801094113001	코카)환타오렌지캔250ml	1	0	0	0	6
045	47,830	8802774002851	25del)복숭아아이스티340	1	0	0	0	6
045	47,830	8801056083557	롯데)칸타타스윗아메리230	1	0	0	0	1
045	47,830	8801056083588	롯데)칸타타카라멜마끼230	1	0	0	0	2
046	54,240	8801155411817	동원)쿨피스파인450ml	1	1	1	0	0
046	54,240	8801121024737	매일)엔요280ml	1	2	2	0	6
046	54,240	8801104250627	빙그레)쥬시쿨복숭아180ml	5	0	0	0	0
046	54,240	8801104250283	빙그레)쥬시쿨자두180ml	3	1	1	0	1
046	54,240	8801115213543	서울)비요뜨링크	1	1	1	0	3
046	54,240	8801115212713	서울)비요뜨초코링	5	0	0	0	1
047	우유	8801069416458	남양)아몬드데이언스위트	2	2	2	0	4
047	우유	8801069171067	남양)초코에몽드링크190ml	1	0	0	0	5
047	우유	8801155745387	동원)가나디초코우유500ml	2	1	1	0	2
047	우유	8801155743772	동원)소화잘되는딸기190ml	1	0	0	0	3
047	우유	8801155721954	동원)소화잘되는우유900ml	1	2	2	0	2
047	우유	8801155743789	동원)소화잘되는초코190ml	1	0	0	0	3
047	우유	0000088002293	매일)상하유기농딸기125ml	1	0	0	0	6
047	우유	8801104950312	빙그레)880티라미수우유	1	0	0	0	2
047	우유	8801115118886	서울)내안의진짜초코280ml	2	0	0	0	2
047	우유	8801115135494	서울)멜론우유300ml	1	0	0	0	1
047	우유	8801115134220	서울)초코우유300ml	1	4	4	0	4
047	우유	8801115135708	서울)커피우유300ml	4	3	3	0	4
047	우유	8801115114390	서울)후레쉬우유900ml	1	2	2	0	2
047	우유	8801115114154	서울)흰우유1L	2	0	0	0	5
047	우유	8801069422176	티니핑)빤짝핑바나나우유	1	0	0	0	3
047	우유	8801069422169	티니핑)하츄핑딸기우유	3	0	0	0	1
048	얼음	8809197840107	del)빅컵얼음230g	2	0	12	0	25
048	얼음	8809418770107	del)빅컵얼음230g	4	0	0	0	25
048	얼음	8809197840091	del)컵얼음180g	5	0	0	0	18
049	맥주	8801022023136	롯데)크러시캔500ml	2	0	0	0	19
049	맥주	8809706851174	백종원)영동포도버블500ml	1	0	0	0	2
049	맥주	8809803130431	생마차라거500ml캔	1	0	0	0	7
049	맥주	8801021230863	스텔라캔740ml	1	0	0	0	21
049	맥주	5740700987502	써머스비캔500ml	1	1	4	0	8
049	맥주	4901004058379	아사히생맥주캔485ml	4	0	0	0	9
049	맥주	4962656135016	오리온맥주캔500ml	5	0	0	0	11
049	맥주	8801858041984	카스P1L	1	0	0	0	14
049	맥주	8801858042769	카스라이트캔500ml	4	0	0	0	19
049	맥주	8801858011024	카스캔500ml	19	0	0	0	74
049	맥주	8801119241412	필라이트후레쉬캔355ml	1	0	0	0	11
050	소주	8801048951017	신참이슬병360ml지함	6	0	0	0	19
050	소주	8801048101115	진로이즈백P640ml	2	0	0	0	17
050	소주	8801048101023	진로이즈백병360ml	1	0	0	0	6
050	소주	8801048953301	참이슬P640ml	5	0	0	0	9
050	소주	8801152233764	처음처럼P640ml	2	0	0	0	4
050	소주	8801798011061	한라산소주P640ml	4	1	4	0	6
051	전통주	8802521122221	국순당)쌀막걸리750ml	1	0	0	0	13
057	위생용품	8801260420339	디어스킨)리얼모달대형14P	2	0	0	0	2
057	위생용품	8801260418602	순수한면)유기농순면대14P	2	0	0	0	2
057	위생용품	8801260421329	순수한면)입는오버L4P	4	0	0	0	0
057	위생용품	8809709260133	쏘피)무표백유기농대형16P	2	2	0	0	0
057	위생용품	8809709260898	쏘피)안심숙면팬티L4P	4	2	0	0	-2
057	위생용품	8801166091244	좋은)무표백유기농대형4P	2	0	0	0	2
057	위생용품	8801166239172	좋은)유기농순면롱오버8P	2	0	0	0	2
057	위생용품	8806011637806	템포)입는오버나이트3P	2	0	0	0	2
060	홈/주방용품	2200000079930	종량(가정)10L	1	0	0	0	-228
060	홈/주방용품	2200000079947	종량(가정)20L	3	0	0	0	11
060	홈/주방용품	2200000079961	종량(가정)50L	10	0	0	0	5
061	문구류	8801067432696	모나미)지우개2P	1	0	0	0	0
062	전기연료	5000394083639	듀라셀)디럭스3A12입	1	0	0	0	1
062	전기연료	8801551102012	세안)썬부탄가스	1	0	0	0	5
063	우천용상품	8809728302036	비닐)투명무민우산60	1	2	2	0	2
064	33,180	8800286277743	포켓몬)로켓단의영광	1	0	0	0	29
072	14,600	8801116000456	더원블루1mg	1	0	0	0	24
072	14,600	0000088022680	던힐1mg	1	0	0	0	11
072	14,600	0000088003696	라일락6mg	1	0	0	0	11
072	14,600	8801116006830	레종프렌치블랙3mg	2	0	0	0	31
072	14,600	8801116024162	레종프렌치썸3mg	1	0	0	0	12
072	14,600	0000088011721	말보로미디엄6mg	2	0	0	0	10
072	14,600	0000088023465	말보로비스타썸머스플래시	2	0	0	0	18
072	14,600	0000088012087	에쎄원1mg	2	0	0	0	14
072	14,600	8801116005574	에쎄체인지4mg	1	0	0	0	17
072	14,600	8801116015887	에쎄체인지프로즌	1	0	0	0	9
072	14,600	0000088011967	에쎄프라임4mg	1	0	0	0	15
072	14,600	8801116013319	에쎄히말라야1mg	1	0	0	0	29
073	0	8801116012176	LIL액상카트리지	1	0	0	0	87
073	0	8801116013234	MIIX아이스더블	4	0	0	0	27
073	0	8801116056644	MIIX아이스모아	1	0	0	0	13
073	0	8801116015931	MIIX아이스뱅	1	0	0	0	43
073	0	0000088022628	네오퍼플부스트	1	0	0	0	11
073	0	0000088023038	테리아그린징	3	1	10	0	10
073	0	0000088024189	테리아블랙루비	1	1	10	0	28
073	0	0000088023526	테리아블랙퍼플	2	1	10	0	17
073	0	0000088024134	테리아오아시스펄	1	0	0	0	16
073	0	8801116009572	핏체인지업	1	0	0	0	7
086	12,700	8806723002312	타이레놀500mg	1	0	0	0	1
900	28,400	2201148653150	친환경봉투판매용	7	0	0	0	-1,643
