002	주먹밥	8801771033981	주)리치치킨마요삼각1	1	1	0	0	0
002	주먹밥	8800279672579	주)오일컷담백참치삼각1	1	1	0	0	0
002	주먹밥	8800271902513	주)치즈닭갈비볶음밥맛1	1	1	0	0	0
003	김밥	8800271902599	김)집밥진미채김밥1	1	1	0	0	0
004	샌드위치류	8809895794795	샌)바질치킨토마토샌드1	1	1	0	0	0
012	빵	8801065003034	KH)뉴욕베이글블루베리	1	0	0	0	0
012	빵	8801068929003	삼립)시그니처카스테라	2	4	0	0	0
012	빵	8801068406832	삼립)신선가득꿀호떡	1	1	0	0	0
012	빵	8801068402285	삼립)포켓몬로켓초코롤	1	2	0	0	-1
012	빵	8801068402261	삼립)포켓몬피카치즈케익	1	1	0	0	1
012	빵	8801068933871	삼립)흑임자이야기	1	1	0	0	1
015	비스켓/쿠키	8801117108908	오리온)미쯔스낵팩	1	0	0	0	8
016	스낵류	9557062361828	HEYROO감자칩득템어니언	2	4	0	0	2
016	스낵류	8801728106591	PBICK)작은별초코	2	0	0	0	3
016	스낵류	8801043031431	농심)쫄병매콤한맛	1	2	0	0	2
016	스낵류	8801062380213	롯데)꼬깔콘군옥수수맛	1	0	0	0	7
016	스낵류	8801045560038	오뚜기)뿌셔뿌셔불고기맛	1	0	0	0	5
016	스낵류	8994834002595	훼밀리)에낙라면치킨30g	2	0	0	0	17
019	초콜릿	8801062636884	롯데)가나마일드초콜릿34g	1	0	0	0	12
020	캔디	8801062013395	롯데)말랑카우딸기캔디79g	1	1	0	0	1
020	캔디	8809648262304	비이)브레드노래캔디	1	0	0	0	2
020	캔디	8801117339302	오리온)왕꿈틀이젤리67g	1	0	0	0	5
020	캔디	8801117359607	오리온)포도알맹이67g	1	0	0	0	8
023	육가공류	8809216732130	PBICK)닭가슴살득템	2	2	0	0	3
023	육가공류	8803465070814	티니핑)오로라핑구운란2입	1	1	0	0	1
026	과일/채소	8809137651060	스미)반값바나나	1	1	0	0	1
026	과일/채소	8801114112649	풀무원)콩나물220g	2	2	0	0	0
027	농산식재료	8801114119075	풀무원)소가찌개두부290g	1	0	0	0	3
032	면류	8801043016094	농심)무파마큰사발컵	1	0	0	0	18
032	면류	8801043015943	농심)사리곰탕큰사발컵	2	0	0	0	9
032	면류	8801043014809	농심)신라면	5	1	0	0	8
032	면류	8801043015714	농심)신라면소컵	3	0	0	0	5
032	면류	8801043015981	농심)신라면큰사발컵	1	0	0	0	7
032	면류	8801043015110	농심)오징어짬뽕	5	0	0	0	8
032	면류	8801043015653	농심)육개장사발면	1	0	0	0	20
032	면류	8801043016049	농심)짜파게티큰사발컵	1	0	0	0	15
032	면류	8801073110502	삼양)불닭볶음면	2	1	0	0	12
032	면류	8801045520728	오뚜기)스낵면	1	0	0	0	7
032	면류	8801045571416	오뚜기)스파게티컵	1	0	0	0	11
032	면류	8801128503488	팔도)짬뽕왕뚜껑	1	0	0	0	14
033	상온즉석식	8801007038780	CJ)햇반흑미밥210g	1	0	0	0	2
033	상온즉석식	8801047161608	동원)양반쇠고기죽	1	0	0	0	3
033	상온즉석식	8801047161677	동원)양반영양닭죽	1	0	0	0	1
034	냉동즉석식	8801066063211	PBICK)찐만두득템김치6입	1	0	1	0	2
035	냉장즉석식	8809015114731	디엔비)두툼불고기고로케	1	2	0	0	0
036	의약외품	8806016310018	동화)부채표까스활병75ml	1	1	0	0	7
039	과일야채음료	8801056168308	롯데)오가닉포도당근주스	1	3	0	0	2
039	과일야채음료	8801104948043	빙그레)따옴라이트복숭아	1	0	0	0	5
039	과일야채음료	8801104948067	빙그레)따옴라이트청사과	1	0	0	0	5
040	기능건강음료	8801056002725	롯데)2프로복숭아P500ml	1	0	0	0	7
040	기능건강음료	8801056249212	롯데)핫식스더킹애플캔355	3	1	0	0	7
040	기능건강음료	8801056240998	롯데)핫식스더킹퍼플캔355	2	0	0	0	8
040	기능건강음료	8801056171032	롯데)핫식스더킹포스캔355	1	0	0	0	8
040	기능건강음료	8809626921407	링티)제로레몬라이트P500	2	0	0	0	7
040	기능건강음료	8801753100298	연세)검은콩고칼슘두유	2	2	0	0	4
040	기능건강음료	8801094412371	코카)토레타제로P500ml	2	1	0	0	4
042	커피음료	8801037035476	스벅)더블샷캔200ml	1	0	0	0	8
044	탄산음료	8801056755010	롯데)밀키스P500ml	1	0	0	0	7
044	탄산음료	8801056143015	롯데)칠성사이다캔250ml	1	0	0	0	5
044	탄산음료	8801056150013	롯데)펩시콜라캔355ml	1	0	0	0	5
044	탄산음료	8801094202606	코카)스프라이트P500ml	2	0	0	0	9
044	탄산음료	8801094083007	코카)코카콜라제로캔250ml	1	0	0	0	8
045	아이스드링크	8800297740090	25del)키위에이드340ml	1	0	0	0	8
046	요구르트	8801104949163	빙그레)요플레오베지케일	2	0	0	0	0
047	우유	8801069416458	남양)아몬드데이언스위트	2	2	0	0	2
047	우유	8801069416441	남양)아몬드데이오리지널	2	4	0	0	2
047	우유	8801155721954	동원)소화잘되는우유900ml	1	2	0	0	0
047	우유	8801115134220	서울)초코우유300ml	1	0	0	0	3
047	우유	8801115135708	서울)커피우유300ml	2	0	0	0	2
047	우유	8801115114390	서울)후레쉬우유900ml	1	1	0	0	1
047	우유	8801115114154	서울)흰우유1L	2	3	0	0	3
047	우유	8801115114727	서울)흰우유300ml	1	0	0	0	2
048	얼음	8809404250057	동양)아이스웰얼음1kg	1	1	0	0	1
049	맥주	4901004057044	아사히생맥주캔340ml	6	1	0	0	18
050	소주	8801048101023	진로이즈백병360ml	1	0	0	0	5
051	전통주	8802521122221	국순당)쌀막걸리750ml	1	0	0	0	12
062	전기연료	8803651000045	에이스)일회용돌라이터	1	0	0	0	53
063	우천용상품	8803249240334	서림)비닐화이트우산60	1	0	0	0	1
069	소형가전	6977077240025	CU프렌즈)8핀18W충전기	1	0	0	0	1
072	담배	0000088006604	디스플러스5mg	1	0	0	0	27
072	담배	8801116006830	레종프렌치블랙3mg	2	0	0	0	28
072	담배	0000088023465	말보로비스타썸머스플래시	1	0	0	0	17
072	담배	0000088024516	메비우스LBS아이스피즈SS	1	0	0	0	13
072	담배	0000088020747	메비우스스카이블루곽6㎎	2	0	0	0	25
072	담배	8801116005574	에쎄체인지4mg	2	0	0	0	15
072	담배	8801116007257	에쎄체인지업	2	0	0	0	15
072	담배	8801116015887	에쎄체인지프로즌	1	0	0	0	8
073	전자담배	8801116012176	LIL액상카트리지	1	0	0	0	86
073	전자담배	8801116012435	MIIX믹스	3	1	0	0	18
073	전자담배	0000088024189	테리아블랙루비	2	0	0	0	26
073	전자담배	0000088023045	테리아엠버	10	0	0	0	14
073	전자담배	0000088024134	테리아오아시스펄	1	0	0	0	15
900	소모품	2201148653150	친환경봉투판매용	3	0	0	0	-1,652
