001	도시락	8800279677482	도)보양훈제오리정식1	1	1	0	0	0
002	주먹밥	8800279670889	주)3XL베이컨햄마요김치1	1	1	0	0	-1
002	주먹밥	8800279676522	주)3XL쟌슨빌부대삼각1	1	1	0	0	0
002	주먹밥	8801771033493	주)3XL콘참치마요삼각1	1	0	0	0	0
002	주먹밥	8800279672579	주)오일컷담백참치삼각1	1	0	0	0	0
002	주먹밥	8809948346629	주)참치마요김치제육더블1	1	1	0	0	0
003	김밥	8801771303084	김)쟌슨빌잠발라야소시지1	1	0	0	0	0
003	김밥	8800279675662	김)집밥멸추김밥1	1	0	0	0	0
003	김밥	8801771303329	김)촉촉두툼계란초밥김밥1	1	0	0	0	0
004	샌드위치류	8800279672616	샌)뉴에그마니샌드1	1	0	0	0	1
005	햄버거류	8800279672777	햄)뉴더블UP빅불고기1	1	0	0	0	0
005	햄버거류	8800279675907	햄)더리얼쉬림프버거1	1	0	0	0	0
005	햄버거류	8800279672852	햄)압도적뉴더블비프버거1	1	0	0	0	0
010	제조음료	5410126016130	커피)로투스비스켓XL2P	1	0	0	0	6
012	빵	8801062475728	롯데)미니딸기크림샌드5입	1	1	0	0	0
012	빵	8801068934229	삼립)끼리크림치즈보름달	1	1	0	0	0
014	디저트	8809523624999	당과점)황치즈뚱쿠키샌드	1	0	0	0	0
015	비스켓/쿠키	8801062012725	롯데)빼빼로아몬드	1	0	0	0	4
015	비스켓/쿠키	8801062518210	롯데)칸쵸	1	0	0	0	3
015	비스켓/쿠키	8801111113205	크라운)버터와플	1	0	0	0	3
016	스낵류	8801043036634	농심)바나나킥75g	1	0	0	0	7
016	스낵류	8801043035989	농심)새우깡90g	1	0	0	0	8
016	스낵류	8801043005821	농심)포테토칩110g	3	0	0	0	2
016	스낵류	8801062381814	롯데)도리토스나쵸치즈	2	0	0	0	8
016	스낵류	8805856103729	미찌)곰표팝콘오리지널맛	1	0	0	0	7
016	스낵류	8801073310711	삼양)사또밥67g	1	0	0	0	3
016	스낵류	8801117798505	오리온)태양의맛썬80g	1	0	0	0	11
016	스낵류	8801117760304	오리온)포카칩어니언66g	1	0	0	0	4
016	스낵류	8801117760106	오리온)포카칩오리지널66g	2	0	0	0	10
016	스낵류	8801111610636	크라운)죠리퐁	1	0	0	0	12
017	시리얼	8801117478100	오리온)닥터유단백질바	1	0	0	0	11
019	초콜릿	6942836725426	롯데)허쉬쿠키앤초코볼	1	0	0	0	13
019	초콜릿	6942836724382	롯데)허쉬쿠키앤크림볼	1	0	0	0	7
020	캔디	8809841062473	나무)워헤즈젤리빈	1	0	0	0	11
023	육가공류	8809216733014	HEYROO뽀득비엔나득템140g	1	0	0	0	1
023	육가공류	8803465070685	흥생)구운계란2입	2	0	0	0	2
032	면류	8801043015653	농심)육개장사발면	1	0	0	0	10
032	면류	8801045720760	오뚜기)열려라참깨라면컵	1	0	0	0	10
035	냉장즉석식	8809948344434	팔도한끼)대파나주곰탕&밥	1	0	0	0	0
039	과일야채음료	8801056623012	롯데)콜드오렌지250ml	2	2	0	0	1
039	과일야채음료	8801056624019	롯데)콜드포도250ml	1	0	0	0	2
039	과일야채음료	8850389106280	모구)복숭아젤리P320ml	2	0	0	0	7
039	과일야채음료	8801128945073	팔도)뽀로로밀크맛P235ml	1	0	0	0	5
040	기능건강음료	4005906404835	농심)파워오투오렌지P500	3	0	0	0	6
040	기능건강음료	8801097280014	동아)오로나민C병120ml	10	0	0	0	6
040	기능건강음료	8801056002725	롯데)2프로복숭아P500ml	1	0	0	0	5
040	기능건강음료	4897036693339	코카)몬스터망고로코355ml	1	0	0	0	5
040	기능건강음료	8801094362706	코카)파워에이드P600ml	1	0	0	0	6
042	커피음료	8801037055726	스벅)더블샷캔275ml	1	0	0	0	3
042	커피음료	8801037086942	스벅)카페라떼컵200ml	2	0	0	0	2
042	커피음료	8809388463931	이디야)돌체콜드브루300ml	1	0	0	0	0
042	커피음료	8809388464464	이디야)바닐라라떼300ml	1	0	0	0	0
042	커피음료	8809388464471	이디야)쇼콜라모카300ml	1	0	0	0	3
043	차음료	8801047284499	동원)레몬제로아이스티500	1	0	0	0	3
043	차음료	8801047284482	동원)복숭아제로아이스500	3	0	0	0	3
044	탄산음료	8801043071956	농심)웰치제로체리P600	1	0	0	0	3
044	탄산음료	8801056175955	롯데)펩시제로라임P500ml	2	0	0	0	7
046	요구르트	8801155411817	동원)쿨피스파인450ml	1	0	0	0	0
046	요구르트	8809274516215	풀무원)그릭플레인150g	2	0	0	0	2
047	우유	8801069180977	남양)딸기에몽드링크190ml	1	0	0	0	2
047	우유	8801069416458	남양)아몬드데이언스위트	2	0	0	0	2
047	우유	8801155743772	동원)소화잘되는딸기190ml	1	0	0	0	3
047	우유	8801155721954	동원)소화잘되는우유900ml	1	0	0	0	1
047	우유	8801115114154	서울)흰우유1L	1	6	0	0	1
050	소주	8801048953301	참이슬P640ml	1	0	0	0	20
051	전통주	8809065655116	장수)생막걸리영등포750ml	1	0	0	0	12
057	위생용품	8809016369048	쏘피)볼록맞춤울날중4P	2	0	0	0	2
060	홈/주방용품	2200000079947	종량(가정)20L	1	0	0	0	-2
072	담배	8801116006830	레종프렌치블랙3mg	2	0	0	0	34
072	담배	0000088023465	말보로비스타썸머스플래시	1	0	0	0	15
072	담배	0000088017617	말보로아이스원1mg	1	0	0	0	10
072	담배	8809741171619	몽스버블몬빅배몽4.8ml	1	0	0	0	5
072	담배	8809741171725	몽스스모키쥬시박2.0ml	1	0	0	0	3
072	담배	8801116001965	심플에이스1mg	10	0	0	0	17
072	담배	8801116006731	아이스볼트GT6mg	1	0	0	0	11
072	담배	8801116004829	에쎄프레소1mg	1	0	0	0	2
072	담배	0000088021997	켄트스위치1mg신	4	0	0	0	7
073	전자담배	8801116012176	LIL액상카트리지	1	0	0	0	53
073	전자담배	8801116012435	MIIX믹스	2	0	0	0	22
073	전자담배	8801116013234	MIIX아이스더블	1	0	0	0	10
900	소모품	2201148653150	친환경봉투판매용	1	0	0	0	-1,675
