001	도시락	8809196620090	도)한끼만족매콤제육1	1	0	0	0	0
002	주먹밥	8800271900953	주)3XL매콤돈까스삼각1	1	0	0	0	0
002	주먹밥	8800275320290	주)계란버터간장삼각1	1	1	0	0	-1
002	주먹밥	8801771031208	주)뉴리챔김치볶음1	1	0	0	0	-1
002	주먹밥	8800279674641	주)뉴전주비빔소불고기1	1	0	0	0	0
002	주먹밥	8800279670766	주)압도적태양초전주비빔1	1	0	0	0	1
003	김밥	8800279676607	김)압도적뉴참치마요1	1	1	0	0	0
003	김밥	8800279677260	김)압도적치즈불고기김밥1	1	0	0	0	0
003	김밥	8801771303336	김)촉촉두툼계란초밥김밥2	1	0	0	0	0
003	김밥	8801771303244	김)화끈불제육김밥1	1	0	0	0	0
004	샌드위치류	8800271902957	샌)감자치즈베이컨샌드1	1	0	0	0	0
004	샌드위치류	8800279671817	샌)급식대가계란샌드1	1	1	0	0	0
005	햄버거류	8800279677666	햄)트로피칼비프버거1	1	0	0	0	0
012	빵	8809895795303	405)딸기잼크림소보로빵	1	1	0	0	0
012	빵	8809895799004	405)스위트페스트리	1	1	0	0	0
012	빵	8801062475728	롯데)미니딸기크림샌드5입	1	0	0	0	1
012	빵	8801068933826	삼립)미각카이막치즈케익	1	1	0	0	0
012	빵	8801068931839	삼립)순백우유식빵	1	0	0	0	0
012	빵	8801068406832	삼립)신선가득꿀호떡	1	2	0	0	0
012	빵	8801068409215	삼립)찰옥수수이야기	1	0	0	0	0
012	빵	8801068402285	삼립)포켓몬로켓초코롤	1	1	0	0	0
014	디저트	8801753112963	연세)메론생크림빵	1	1	0	0	-1
014	디저트	8801753108775	연세)초코생크림빵	1	0	0	0	0
015	비스켓/쿠키	8801062870462	롯데)빠다코코낫	1	0	0	0	2
015	비스켓/쿠키	8809304881023	위너스)프레첼체다치즈	1	0	0	0	9
015	비스켓/쿠키	8801204009743	청우)자색군고구마스틱80g	1	0	0	0	5
015	비스켓/쿠키	8801204004946	청우)참깨스틱85g	2	0	0	0	4
016	스낵류	9557062361828	HEYROO감자칩득템어니언	1	1	0	0	5
016	스낵류	8801043036078	농심)매운새우깡90g	1	0	0	0	16
016	스낵류	8801043036399	농심)알새우칩68g	1	0	0	0	15
016	스낵류	8801043036719	농심)조청유과96g	1	0	0	0	1
016	스낵류	8801043005814	농심)포테토칩60g	1	0	0	0	21
016	스낵류	8801728106270	대산)전통뻥튀기180g	1	0	0	0	2
016	스낵류	8802259022893	롯데)베지5발사믹허브50g	1	0	0	0	2
016	스낵류	8801117784409	오리온)꼬북칩콘스프맛	1	0	0	0	10
016	스낵류	8801117183806	오리온)스윙칩양파크림60g	1	0	0	0	11
016	스낵류	8801019606557	해태)허니버터칩120g	1	0	0	0	8
017	시리얼	8801083333304	켈로그)콘푸로스트컵	1	0	0	0	2
020	캔디	8809522040653	SCD)동결사우어수수깡젤리	1	0	0	0	1
020	캔디	8809841062503	나무)워헤즈사우어밤	1	0	0	0	9
020	캔디	6925425474653	농심)츄파춥스게코젤리	1	0	0	0	0
020	캔디	8691216099074	삼경)하리보믹스사워	1	0	0	0	1
020	캔디	5012035901738	삼경)하리보스타믹스	2	0	0	0	8
020	캔디	4001686323366	삼경)하리보해피콜라	1	0	0	0	4
020	캔디	8691216096370	삼경)하리보해피콜라사워	2	0	0	0	2
020	캔디	8437004492838	스위트)트롤리계란후라이	1	0	0	0	4
020	캔디	4000512008903	스위트)트롤리버거XXL	1	0	0	0	18
020	캔디	8436556395932	스위트)트롤리키스	1	0	0	0	0
020	캔디	7622201750824	앰지)홀스비타C라임향	1	0	0	0	12
020	캔디	8801117344108	오리온)아이셔츄잉청사과	1	0	0	0	3
020	캔디	8809971930499	피치)포도모양미니젤리	1	0	0	0	1
021	일반아이스크림	8809599361309	라라스윗)넛티초코바닐라	1	0	40	0	39
021	일반아이스크림	8809599361057	라라스윗)딸기요거트바	1	0	0	0	11
021	일반아이스크림	8809599360470	라라스윗)바닐라초코바	1	0	0	0	30
021	일반아이스크림	8809599361217	라라스윗)복숭아요거트바	3	0	0	0	13
021	일반아이스크림	8809599361033	라라스윗)저당바닐라콘	3	0	0	0	21
021	일반아이스크림	8801206004975	서주)400바멜론	1	0	0	0	11
028	축수산식재료	8809265023036	고래사)크랩말이90g	1	0	0	0	2
028	축수산식재료	8809136851096	제니코)치즈파티모짜렐라	1	0	0	0	7
032	면류	8801043015639	농심)김치사발면	2	0	0	0	12
032	면류	8801043035330	농심)누들핏마라탄탄	1	0	0	0	5
032	면류	8801043015776	농심)새우탕소컵	1	0	0	0	2
032	면류	8801043015967	농심)새우탕큰사발컵	1	0	0	0	6
032	면류	8801043041447	농심)신라면블랙컵	1	0	0	0	15
032	면류	8801043015714	농심)신라면소컵	1	0	0	0	4
032	면류	8801043015653	농심)육개장사발면	5	0	0	0	14
032	면류	8801073210776	삼양)불닭볶음면소컵	1	0	0	0	7
032	면류	8801073102538	삼양)삼양라면	1	0	0	0	0
032	면류	8801045571638	오뚜기)진라면매운컵	1	0	0	0	9
032	면류	8809695253652	팔도)볼케이노까르보용기	1	0	0	0	9
032	면류	8801128503488	팔도)짬뽕왕뚜껑	1	0	0	0	13
033	상온즉석식	8801007038780	CJ)햇반흑미밥210g	1	1	0	0	1
035	냉장즉석식	8805684010848	MDS)베이컨로제파스타	1	1	0	0	0
035	냉장즉석식	8809802262065	팔도한끼)한촌설렁탕&밥	1	0	0	0	0
036	의약외품	8806011615408	동아)박카스F병120ml	1	0	0	0	23
039	과일야채음료	8801753113199	곽철이)사과제로190ml	2	0	0	0	4
039	과일야채음료	8801753113205	곽철이)청포도제로190ml	2	0	0	0	4
039	과일야채음료	8801121043561	매일)피크닉사과240ml	1	0	0	0	5
040	기능건강음료	8806016186156	동화)배러애사비P120g	2	0	0	0	1
040	기능건강음료	8801056249212	롯데)핫식스더킹애플캔355	2	0	0	0	11
040	기능건강음료	8801056171032	롯데)핫식스더킹포스캔355	2	0	0	0	6
041	생수	8801056169817	HEYROO미네랄워터P500ml	2	0	0	0	12
041	생수	8808244201045	광동)제주삼다수P2L	2	0	0	0	2
042	커피음료	8801037013702	동서)스타벅스돌체캔275ml	1	0	0	0	6
042	커피음료	8801121768167	매일)바리스드립라떼325ml	1	0	0	0	2
042	커피음료	8801121040416	매일)바리스타돌체325ml	1	0	0	0	3
042	커피음료	8801121771402	매일)바리스타바닐라325ml	2	0	0	0	2
042	커피음료	8801121771396	매일)바리스타쇼콜라325ml	2	0	0	0	1
042	커피음료	8809685311034	미루꾸)플랫그레이라떼	2	0	0	0	2
042	커피음료	8808024034085	브리티시)블랙아메P500ml	2	0	0	0	4
042	커피음료	8801037096392	스벅)셀렉트바닐라라떼300	1	0	0	0	4
042	커피음료	8801094512668	코카)조지아라떼P470ml	4	0	0	0	6
043	차음료	8801047284550	동원)사과제로아이스티500	2	0	0	0	8
043	차음료	8801056231927	롯데)실론티제로P500ml	1	0	0	0	10
044	탄산음료	8801056175955	롯데)펩시제로라임P500ml	1	0	0	0	13
044	탄산음료	8801056248758	롯데)펩시제로모히토P500	1	0	0	0	9
044	탄산음료	8801056193010	롯데)펩시콜라P600ml	1	0	0	0	9
044	탄산음료	8801094202606	코카)스프라이트P500ml	2	0	0	0	7
044	탄산음료	8801094013004	코카)코카콜라캔250ml	1	0	0	0	8
044	탄산음료	8801094112707	코카)환타오렌지P600ml	3	0	0	0	8
045	아이스드링크	8802774002851	25del)복숭아아이스티340	1	0	0	0	5
045	아이스드링크	8801056230111	롯데)칸타타블랙아메320ml	1	0	0	0	4
046	요구르트	8801104950787	빙그레)요플레그릭180g	1	0	0	0	0
046	요구르트	8801104250627	빙그레)쥬시쿨복숭아180ml	1	0	0	0	5
046	요구르트	8801115212713	서울)비요뜨초코링	3	3	0	0	3
047	우유	8801104950299	빙그레)880딸기크림우유	1	0	0	0	5
047	우유	0000088002798	빙그레)바나나우유240ml	2	0	0	0	10
047	우유	8801104948272	빙그레)바나나우유무가당	1	1	0	0	1
047	우유	8801115115113	서울)멸균우유200ml	3	3	0	0	3
047	우유	8801115114154	서울)흰우유1L	2	0	0	1	3
047	우유	8801115114727	서울)흰우유300ml	1	1	0	0	1
048	얼음	8809197840107	del)빅컵얼음230g	2	0	0	0	22
048	얼음	8809197840091	del)컵얼음180g	1	0	0	0	16
048	얼음	8809404250057	동양)아이스웰얼음1kg	1	1	1	0	1
049	맥주	4962656135016	오리온맥주캔500ml	3	0	0	0	14
049	맥주	8801858048167	카스레몬스퀴즈7.0캔500ml	4	0	0	0	4
049	맥주	8801858011024	카스캔500ml	5	1	0	0	49
050	소주	8801048951017	신참이슬병360ml지함	2	0	0	0	17
050	소주	8801048953301	참이슬P640ml	3	0	0	0	23
050	소주	8801152233764	처음처럼P640ml	1	0	0	0	22
050	소주	8801152136843	처음처럼새로P640ml	1	0	0	0	40
051	전통주	8802521122221	국순당)쌀막걸리750ml	1	0	0	0	10
051	전통주	8809065655116	장수)생막걸리영등포750ml	3	0	0	0	15
057	위생용품	8801166234122	좋은)순면수퍼롱10P	2	0	0	0	2
057	위생용품	8801166230476	좋은)입는오버나이트L4P	2	0	0	0	2
060	홈/주방용품	2200000079947	종량(가정)20L	3	0	0	0	5
063	우천용상품	8809948343987	CU프렌즈)장우산네이비65	1	0	0	0	0
063	우천용상품	8809948344328	글로벌)CU그린비닐우산55	1	0	0	0	0
072	담배	8801116000456	더원블루1mg	1	0	0	0	23
072	담배	8801116006830	레종프렌치블랙3mg	2	1	0	0	26
072	담배	8801116019397	레종프렌치아이스블랑2mg	1	0	0	0	4
072	담배	0000088023465	말보로비스타썸머스플래시	1	0	0	0	16
072	담배	0000088022123	메비우스LBS옐로슬림1mg	1	0	0	0	21
072	담배	0000088020792	메비우스LSS1㎎	1	0	0	0	12
072	담배	8801116003907	보헴시가쿠바나더블6mg	2	0	0	0	10
072	담배	8801116015887	에쎄체인지프로즌	1	0	0	0	7
072	담배	0000088021997	켄트스위치1mg신	3	0	0	0	11
073	전자담배	8801116012176	LIL액상카트리지	11	2	0	0	57
073	전자담배	8801116013234	MIIX아이스더블	2	0	0	0	23
073	전자담배	8801116042890	MIIX오라썸	10	3	0	0	0
073	전자담배	0000088024189	테리아블랙루비	1	0	0	0	25
073	전자담배	0000088023014	테리아블루	2	0	0	0	4
073	전자담배	0000088024141	테리아썬펄	1	0	0	0	15
073	전자담배	0000088024134	테리아오아시스펄	2	0	0	0	13
900	소모품	2201148653150	친환경봉투판매용	4	0	0	0	-1,663
