002	주먹밥	8800279670889	주)3XL베이컨햄마요김치1	1	1	0	0	-1
002	주먹밥	8800275320290	주)계란버터간장삼각1	1	1	0	0	-1
002	주먹밥	8800279676744	주)리치햄에그마요삼각1	1	1	0	0	0
002	주먹밥	8809948346629	주)참치마요김치제육더블1	1	1	0	0	-1
002	주먹밥	8800271902513	주)치즈닭갈비볶음밥맛1	1	1	0	0	0
002	주먹밥	8800279677307	주)화끈불제육삼각1	1	1	0	0	0
005	햄버거류	8800279677406	햄)달콤양념갈비버거1	1	0	0	0	0
005	햄버거류	8800279675907	햄)더리얼쉬림프버거1	1	1	0	0	0
005	햄버거류	8801068933611	햄)스모키더블불고기치즈1	1	1	0	0	0
012	빵	8809895799004	405)스위트페스트리	1	0	0	0	0
012	빵	8801068912913	삼립)보름달정통	1	1	0	0	0
012	빵	8801068409215	삼립)찰옥수수이야기	1	2	0	0	0
012	빵	8801068933871	삼립)흑임자이야기	1	1	0	0	1
014	디저트	8807999035288	대두)한입초코찰떡	1	0	0	0	1
014	디저트	8800246200309	어니)잔망루피미니도넛	1	0	0	0	9
015	비스켓/쿠키	8801117108908	오리온)미쯔스낵팩	1	0	0	0	4
016	스낵류	8801043036139	농심)감자깡75g	1	0	0	0	10
016	스낵류	8801043036078	농심)매운새우깡90g	1	0	0	0	11
016	스낵류	8801043036597	농심)양파링80g	2	0	0	0	19
016	스낵류	8801043005814	농심)포테토칩60g	1	0	0	0	14
016	스낵류	8800279450290	바프)카라멜치즈팝콘80g	1	0	0	0	13
016	스낵류	8809380344399	어니)루피로제떡볶이스낵	1	0	0	0	10
016	스낵류	8809380344627	어니)루피치즈떡볶이스낵	1	0	0	0	2
016	스낵류	8801045851945	오뚜기)콘크림스프팝콘55g	1	0	0	0	7
016	스낵류	8801117784409	오리온)꼬북칩콘스프맛	1	0	0	0	7
016	스낵류	8801117752804	오리온)오감자그라탕50g	1	0	0	0	8
016	스낵류	8801117798505	오리온)태양의맛썬80g	1	0	0	0	10
016	스낵류	8801117760304	오리온)포카칩어니언66g	1	0	0	0	0
016	스낵류	4549660884804	초코)뉴신짱초코비	1	1	0	0	2
016	스낵류	8801019612879	해태)가루비감자야키니쿠	1	0	0	0	5
016	스낵류	8801019606540	해태)허니버터칩60g	2	0	0	0	5
021	일반아이스크림	8809599360906	라라스윗)저당초코모나카	1	0	0	0	18
021	일반아이스크림	8801062623471	롯데)월드콘	1	0	0	0	9
032	면류	8801043015639	농심)김치사발면	1	0	0	0	4
032	면류	8801043014809	농심)신라면	1	1	0	0	12
032	면류	8801043015653	농심)육개장사발면	1	0	0	0	18
032	면류	8801043015226	농심)짜파게티	2	1	0	0	9
032	면류	8801073211469	삼양)까르보불닭큰컵	2	0	0	0	12
032	면류	8801045720760	오뚜기)열려라참깨라면컵	1	0	0	0	9
035	냉장즉석식	8809015114731	디엔비)두툼불고기고로케	1	2	0	0	0
035	냉장즉석식	8801165014794	황진선쉐프)정통마라탕면	1	1	0	0	0
039	과일야채음료	8850389106280	모구)복숭아젤리P320ml	2	0	0	0	4
039	과일야채음료	8850389118856	모구)풍선껌젤리P320ml	1	0	0	0	9
039	과일야채음료	8801128945288	팔도)뽀로로딸기맛P235ml	1	1	0	0	4
039	과일야채음료	8801128945073	팔도)뽀로로밀크맛P235ml	1	1	0	0	6
040	기능건강음료	4005906404835	농심)파워오투오렌지P500	1	0	0	0	12
040	기능건강음료	8806016186156	동화)배러애사비P120g	2	0	0	0	-1
040	기능건강음료	8801382150626	웅진)푸룬부스터P200ml	1	0	0	0	6
040	기능건강음료	8801094412005	코카)토레타P500ml	1	0	0	0	6
040	기능건강음료	8801094412371	코카)토레타제로P500ml	2	0	0	0	8
040	기능건강음료	8801094602703	코카)파워스칼렛스톰600P	2	0	0	0	5
040	기능건강음료	8801094362706	코카)파워에이드P600ml	3	0	0	0	5
041	생수	8801001235765	HEYROO미네랄워터P2L	3	0	0	0	2
041	생수	8808244201045	광동)제주삼다수P2L	1	0	0	0	7
041	생수	8801056049881	롯데)아이시스8.0P500ml	1	0	0	0	8
042	커피음료	8801121040416	매일)바리스타돌체325ml	1	3	0	0	1
042	커피음료	8801121027523	매일)바리스타디카페325ml	1	0	0	0	3
042	커피음료	8801121771402	매일)바리스타바닐라325ml	1	2	0	0	2
043	차음료	8801047284499	동원)레몬제로아이스티500	6	1	0	0	3
044	탄산음료	8801056192013	롯데)칠성사이다P500ml	1	0	0	0	8
044	탄산음료	8801056193010	롯데)펩시콜라P600ml	4	1	0	0	2
044	탄산음료	8801094202408	코카)스프라이트P1.5L	1	0	0	0	7
044	탄산음료	8801094202606	코카)스프라이트P500ml	4	1	0	0	7
044	탄산음료	8801094017606	코카)코카콜라P500ml	1	0	0	0	8
044	탄산음료	8801094082604	코카)코카콜라제로P500ml	4	1	0	0	8
046	요구르트	8801128307239	hy)갓비움230ml	2	0	0	0	2
046	요구르트	8801155735135	동원)얼라이브오렌지250ml	1	0	0	0	3
046	요구르트	8801115224341	서울)복숭아요구르트750ml	1	1	0	0	0
046	요구르트	8809274516215	풀무원)그릭플레인150g	2	2	0	0	2
047	우유	0000088002798	빙그레)바나나우유240ml	1	2	0	0	7
047	우유	8801115135708	서울)커피우유300ml	3	4	0	0	1
047	우유	8801115114154	서울)흰우유1L	1	5	0	0	3
048	얼음	8809197840091	del)컵얼음180g	1	0	0	0	20
049	맥주	8801858011048	카스라이트캔355ml	1	0	0	0	10
049	맥주	8801119241511	필라이트후레쉬캔500ml	1	1	0	0	7
050	소주	8801048951017	신참이슬병360ml지함	1	1	0	0	16
072	담배	8801116006830	레종프렌치블랙3mg	2	1	0	0	26
072	담배	8801116019397	레종프렌치아이스블랑2mg	1	1	0	0	2
072	담배	8801116006533	보헴시가슬림핏브라운1mg	1	0	0	0	24
072	담배	8801116051106	에쎄느와르1mg	1	0	0	0	13
072	담배	8801116005314	에쎄체인지1mg	2	0	0	0	14
072	담배	8801116005574	에쎄체인지4mg	2	0	0	0	8
072	담배	0000088013121	팔리아멘트아쿠아5mg	2	0	0	0	8
073	전자담배	0000088023526	테리아블랙퍼플	2	0	0	0	33
900	소모품	2201148653150	친환경봉투판매용	2	0	0	0	-1,722
