002	주먹밥	8800275320290	주)계란버터간장삼각1	1	1	0	0	-1
002	주먹밥	8800271903275	주)고들빼기낙지젓갈1	1	1	0	0	0
002	주먹밥	8800279672357	주)뉴3XL동원고추참치1	1	1	0	0	0
002	주먹밥	8800279672579	주)오일컷담백참치삼각1	1	1	0	0	0
002	주먹밥	8809948346629	주)참치마요김치제육더블1	1	1	0	0	0
010	제조음료	2202000107644	25뉴get아이스아메XL	1	0	0	0	-113
012	빵	8801068409215	삼립)찰옥수수이야기	1	0	0	0	1
014	디저트	8801753108478	연세)우유생크림빵	1	0	0	0	1
016	스낵류	8801151112107	서울)허니뻥이요스낵90g	2	0	0	0	8
016	스낵류	8801117784409	오리온)꼬북칩콘스프맛	1	0	0	0	8
017	시리얼	8852756055610	켈로그)크런치넛에너지바	6	0	0	0	5
019	초콜릿	8801019204951	해태)자유시간초콜릿바	1	0	0	0	6
020	캔디	8990800000053	농심)멘토스푸르티	1	0	0	0	12
020	캔디	8859623800397	매크로)하이츄복숭아맛	1	0	0	0	5
020	캔디	8437004492838	스위트)트롤리계란후라이	1	0	0	0	3
020	캔디	8436556395932	스위트)트롤리키스	1	0	0	0	2
020	캔디	8801117339708	오리온)마이구미포도66g	1	0	0	0	9
020	캔디	8801111187893	크라운)마이쮸포도	1	0	0	0	11
022	마른안주류	8803622102471	한양)숏바디버터불고기40g	1	2	0	0	1
023	육가공류	8801123307289	롯데)의성마늘핫바70g	1	0	0	0	2
023	육가공류	8803465070685	흥생)구운계란2입	1	3	0	0	1
027	농산식재료	8801114119075	풀무원)소가찌개두부290g	1	1	0	0	3
028	축수산식재료	8803465001764	PBICK)계란득템15입	2	2	0	0	2
028	축수산식재료	8801155601034	동원)체다치즈5매입	1	0	0	0	2
028	축수산식재료	8809136851096	제니코)치즈파티모짜렐라	1	0	0	0	3
031	반찬류	8801007512259	CJ)스팸200g	1	0	0	0	1
032	면류	8801043015837	농심)너구리소컵	1	0	0	0	6
032	면류	8801043015967	농심)새우탕큰사발컵	1	0	0	0	5
032	면류	8801043014809	농심)신라면	5	0	0	0	14
032	면류	8801043016049	농심)짜파게티큰사발컵	1	0	0	0	12
032	면류	8801043016070	농심)튀김우동큰사발컵	1	0	0	0	11
032	면류	6921555529218	라황샹 중경식 마라탕면	1	0	0	0	4
032	면류	8801073210363	삼양)불닭볶음면컵	1	0	0	0	16
032	면류	8809695250958	팔도)틈새라면매운김치컵	1	0	0	0	7
032	면류	8801085884354	한일)정통냉우동	1	0	0	0	5
034	냉동즉석식	8809350321818	HEYROO순살치킨득템매콤C	1	1	0	0	2
035	냉장즉석식	8809015114663	디엔비)통통새우고로케	1	1	0	0	0
035	냉장즉석식	8800279674580	팔도한끼)소곱창전골&라면	1	1	0	0	0
036	의약외품	8804227021600	가디언)탄력붕대	1	0	0	0	1
036	의약외품	8806011615408	동아)박카스F병120ml	10	0	0	0	13
036	의약외품	8801105914382	해태)영진구론산병150ml	1	0	0	0	25
037	건강기능	8809422043884	HK)컨디션스틱18g	1	0	0	0	4
037	건강기능	8809422044904	HK)컨디션스틱망고18g	1	0	0	0	9
040	기능건강음료	8806002001845	광동)비타500병100ml	2	0	0	0	13
040	기능건강음료	8801097250079	동아)포카리스웨트P620ml	1	0	0	0	7
040	기능건강음료	8801056002701	롯데)2프로복숭아캔240ml	2	1	0	0	2
040	기능건강음료	8801056249212	롯데)핫식스더킹애플캔355	1	0	0	0	8
040	기능건강음료	8801056240998	롯데)핫식스더킹퍼플캔355	1	0	0	0	7
040	기능건강음료	8801094362706	코카)파워에이드P600ml	3	1	0	0	2
042	커피음료	8809685311027	미루꾸)플랫너티라떼	1	0	0	0	3
042	커피음료	8809685311010	미루꾸)플랫슈패너라떼	1	0	0	0	3
042	커피음료	8801115382003	스벅)카페라떼컵320ml	1	0	0	0	2
042	커피음료	8809388464471	이디야)쇼콜라모카300ml	1	0	0	0	2
044	탄산음료	8801056249892	롯데)마운틴듀제로캔355ml	2	1	0	0	4
044	탄산음료	8801056175955	롯데)펩시제로라임P500ml	2	0	0	0	11
044	탄산음료	8801094082406	코카)코카콜라제로P1.5L	2	2	0	0	-1
045	아이스드링크	8809253649453	24del)헤이즐넛향340ml	1	0	0	0	5
047	우유	8801069185194	남양)초코에몽250ml	3	3	0	0	0
047	우유	8801155721954	동원)소화잘되는우유900ml	1	1	0	0	1
047	우유	8801115134220	서울)초코우유300ml	3	3	0	0	2
047	우유	8801115114390	서울)후레쉬우유900ml	1	0	0	0	1
047	우유	8801115114154	서울)흰우유1L	1	3	0	0	5
048	얼음	8809197840107	del)빅컵얼음230g	1	0	12	0	24
048	얼음	8809418770107	del)빅컵얼음230g	1	0	0	0	24
048	얼음	8809197840091	del)컵얼음180g	1	0	15	0	26
048	얼음	8809404250088	동양)아이스웰얼음2.5kg	1	1	1	0	1
049	맥주	5000213027301	기네스콜드브루캔440ml	3	1	0	0	3
049	맥주	4901004006813	아사히캔500ml	1	0	0	0	12
049	맥주	8801858048198	카스레몬스퀴즈캔355ml	1	0	0	0	6
049	맥주	8801119241511	필라이트후레쉬캔500ml	3	1	0	0	8
050	소주	8801048101023	진로이즈백병360ml	1	0	0	0	24
050	소주	8801152136843	처음처럼새로P640ml	1	0	0	0	33
056	목욕세면	8801046846087	2080)치약	2	0	0	0	2
058	의류용품	8806366734519	남성발목양말	1	0	0	0	35
060	홈/주방용품	2200000079947	종량(가정)20L	1	0	0	0	-14
072	담배	8801116000456	더원블루1mg	1	1	0	0	16
072	담배	8801116006830	레종프렌치블랙3mg	1	0	0	0	30
072	담배	0000088023465	말보로비스타썸머스플래시	1	0	0	0	14
072	담배	8801116007257	에쎄체인지업	2	0	0	0	12
072	담배	8801116015887	에쎄체인지프로즌	1	0	0	0	16
072	담배	0000088011967	에쎄프라임4mg	1	0	0	0	24
073	전자담배	8801116012176	LIL액상카트리지	11	5	0	0	70
073	전자담배	0000088024745	센티아클래식그린	1	0	0	0	9
073	전자담배	0000088024134	테리아오아시스펄	1	0	0	0	21
900	소모품	2201148653150	친환경봉투판매용	1	0	0	0	-1,683
